100
143
9489
68
349
490
18
591
9135
90
716
9239
12
144
189
35
1449
7099
50
824
4279
9568
3828
5696
89
42
9336
19
2050
8523
5010
5417
9375
43
2312
4798
6372
126
9512
13
1500
9368
24
876
9180
71
223
9172
96
33
168
12
23
9139
25
210
345
35
12
9853
3
568
9930
82
667
9593
95
9
9925
2
264
9310
81
225
9477
78
2688
6256
9628
624
9427
99
2331
3144
9790
135
9983
41
837
6457
3655
458
9728
90
31
9858
6
2369
7956
37
1901
7116
6563
68
9545
72
148
8608
123
690
1174
5933
302
9858
63
5536
8805
3319
2872
5132
29
809
9822
11
6603
9014
5806
410
9761
22
580
9055
86
5104
5190
9257
681
9386
56
128
408
50
16
9916
7
1872
3565
6509
964
9849
24
573
9149
19
856
9205
17
3016
4263
29
21
9857
4
1090
5029
5398
4043
8000
162
5759
8562
7074
2247
6132
1229
3953
5307
6498
451
451
451
28
9917
5
444
9425
14
5719
9561
7444
8487
8762
69
4391
7080
24
771
9001
13
114
326
68
716
9119
21
7159
9321
1493
2327
2327
2327
898
9373
23
23
9968
9
107
3505
5746
51
376
27
8
9969
8
39
9566
7175
28
9864
10
6844
9686
1891
534
9823
25
264
346
19
4758
4781
8697
1165
6312
9575
728
9246
28
280
9894
7
3675
4379
870
802
9162
59
622
9927
23
3780
4022
267
2096
9715
6810
157
9713
47
5712
5712
5712
8970
9454
69
255
9707
20
867
9040
29
542
9875
48
479
9511
30
2
9952
1
515
9348
2
5159
6152
8096
878
9557
92
